0021018553042
411526
1367935174
1365510919
-469780145
2
0
46
178296
233785
7764
39546
-1
131
62
202
163
3
505
5
2
501
4
4
2
0
0
5
1
1
363
178
184
309
248
702
163
128
270
492
299
119
129
248
192
1
1
1367937249
6
8
602
0
1
5
3
77
0
0
10544
0
3
10
434
0
1
4
2
53
33
0
3542
0
5
51
708
0
1
4
5
56
56
56
41104
0
4
53
427
0
6
0
0
45
0
0
79340
0
8
52
0
0
5
0
0
160
0
0
26510
0
7
9
572
0
1
4
2
70
0
0
3835
0
9
53
0
0
6
0
0
39
0
0
21436
0
10
53
0
0
6
0
0
44
0
0
47910
0
1
26
42
122
1
2
3
35
35
0
3858
0
2
9
25
0
1
3
5
70
0
0
6696
0
12
6
0
0
11
1
0
72
15
0
873
0
5
8
248
0
1
5
3
78
0
0
4374
0
12
15
0
0
11
5
0
72
25
0
5703
0
12
14
0
0
11
4
0
72
25
0
5703
0
12
16
0
0
11
12
0
168
25
0
5328
0
1367933580
46
46
46
2
4
6
-117
-123
-112
1
8
16
150
150
150
0
8
406
0
1
3
4
49
31
0
8571
0
0
25
70
110
1
5
3
73
0
0
4589
0
0
3
0
0
1
3
2
36
36
0
2139
0
5669
3817
2780
2240
4301
7198
4
1367915757
7
9
327
0
5
4
2
81
0
0
45225
0
4
10
423
0
2
3
4
78
0
0
40241
0
5
10
253
0
2
1
4
76
0
0
41170
0
7
8
589
0
1
2
5
42
42
0
25415
10
1
23
44
128
3
2
1
68
0
0
29155
0
3
9
562
0
2
5
1
43
33
0
12445
1
1367918578
10
20
0
0
2
1
4
77
0
0
31575
0
10
21
0
0
3
1
4
43
41
0
14258
10
9
13
0
0
5
1
2
44
32
0
15278
10
12
3
0
0
11
3
0
72
10
0
8164
0
10
14
0
0
2
5
3
51
33
0
11977
1
12
4
0
0
11
4
0
72
10
0
8164
0
1
0
105577
3
141
10678
5585
0
0
0
1365511321
0
0
0
2743
42
122
0
1368092066
0
0
0
1367916026
0
2
22
1367935900
1367934223
58
62
1
1365615633
46
22
114
465
439
4631686
7854
0
0
46
0
0
1
1367933623
4
12
9
7
0
0
0
0
0
0
0
120
0
0
11
4
15
1367933679
1367933682
1367933758
25
10
25
0
-1812911182
-1812911182
-1812911182
125
1366878707
0
22
1367935174
;0;0nGb0lb2I8N13u831sU5T141Qh9B6a5m;0;452;0
